1192 0
527 0
493 0
1608 0
1558 0
299 5
466 0
1099 4
360 6
1287 0
674 0
433 0
607 0
587 0
725 0
1071 0
831 0
1311 0
730 0
404 0
124 7
1652 0
805 0
679 0
1219 0
1126 2
772 0
938 0
875 0
51 0
359 0
1574 0
1569 0
1594 0
892 0
255 1
1347 0
1349 0
1112 0
1732 0
1326 0
1478 0
1375 0
1235 0
121 0
31 0
450 0
1616 0
1588 0
1262 0
972 0
1074 0
132 1
730 0
1343 0
1231 0
1585 0
1831 0
942 0
648 0
434 0
1517 0
506 0
1295 0
1769 0
1517 0
392 0
759 0
1425 0
918 0
760 0
506 0
1909 6
1609 0
1721 0
1897 6
366 2
1788 0
474 0
446 0
1107 0
96 5
1579 0
800 0
1562 0
1522 0
904 0
1612 0
1790 0
1162 0
808 0
34 0
1340 0
1673 0
758 0
838 0
1110 0
454 5
19 0
1080 0
1490 0
1409 0
324 0
1704 0
81 0
1085 0
1478 0
1017 0
1149 0
485 0
609 0
1938 6
1498 0
855 0
918 0
299 5
820 0
1765 0
218 6
1507 0
987 0
1760 0
528 0
1847 1
635 0
661 0
43 0
1501 0
1744 0
424 0
1350 0
714 0
1957 6
1083 0
785 0
655 0
670 0
461 0
1050 0
1831 0
1855 0
751 0
1172 0
1011 0
406 0
187 0
689 0
868 0
762 0
767 0
